0 28.7 341.52134231407905 473.30311668809435 1005.944091796875 0.360107421875 0 0
10 47.9 348.50425997357803 475.4333214146853 1005.944091796875 0.3349609375 341.52134231407905 287
20 23.4 333.3441151676015 470.4316684079805 1005.944091796875 0.3349609375 345.8879448713898 766
30 0 0 0 1005.944091796875 0.3349609375 342.9526887207033 1000
40 33 299.9680175781251 457.17188455714273 1005.944091796875 0.3349609375 342.9526887207033 1000
50 50.7 258.4837687415247 436.8151494901179 1005.944091796875 0.3349609375 332.2873191890862 1330
60 16.3 521.0233371477186 498.4779293040212 1005.944091796875 0.3349609375 311.91802137911685 1837
70 0 0 0 1005.944091796875 0.3349609375 328.9601046142579 2000
80 0 0 0 1005.944091796875 0.3349609375 328.9601046142579 2000
90 0 0 0 1005.944091796875 0.3349609375 328.9601046142579 2000
100 0 0 0 1005.944091796875 0.3349609375 328.9601046142579 2000
110 0 0 0 1005.944091796875 0.3349609375 328.9601046142579 2000
119 0 0 0 1005.944091796875 0.3349609375 328.9601046142579 2000
