0 0.1 1.7876096307468856 0 1.7876096307468856 1.7876096307468856 0 0
10 0.1 0.7967135565791112 0.0 1.7876096307468856 0.7967135565791112 1.7876096307468856 1
20 0.1 1.3412816691505216 0.0 1.7876096307468856 0.7967135565791112 1.2921615936629984 2
30 0.1 0.3356121814791796 0.0 1.7876096307468856 0.3356121814791796 1.3085349521588394 3
40 0.1 0.08699975142928162 0.0 1.7876096307468856 0.08699975142928162 1.0653042594889244 4
50 0.1 0.845560805769709 0.0 1.7876096307468856 0.08699975142928162 0.8696433578769959 5
60 0.1 1.1554230339172566 0.0 1.7876096307468856 0.08699975142928162 0.8656295991924482 6
70 0.1 0.27349577324714075 0.0 1.7876096307468856 0.08699975142928162 0.9070286612959922 7
80 0.1 0.28574978258168715 0.0 1.7876096307468856 0.08699975142928162 0.8278370502898857 8
90 0.1 0.19858508129576763 0.0 1.7876096307468856 0.08699975142928162 0.7676051316556415 9
100 0.1 0.12419274714356682 0.0 1.7876096307468856 0.08699975142928162 0.7107031266196542 10
110 0.1 0.21128511061396965 0.0 1.7876096307468856 0.08699975142928162 0.6573840012127371 11
119 0.1 0.2484472049689441 0.0 1.7876096307468856 0.08699975142928162 0.6202090936628398 12
