0 0.1 15533.72265625 0 15533.72265625 15533.72265625 0 0
10 0.1 15527.4453125 0.0 15533.72265625 15527.4453125 15533.72265625 1
20 0.1 15519.41796875 0.0 15533.72265625 15519.41796875 15530.583984375 2
30 0.1 15516.26953125 0.0 15533.72265625 15516.26953125 15526.861979166666 3
40 0.1 15516.34765625 0.0 15533.72265625 15516.26953125 15524.2138671875 4
50 0.1 15513.73828125 0.0 15533.72265625 15513.73828125 15522.640625 5
60 0.1 15511.18359375 0.0 15533.72265625 15511.18359375 15521.156901041666 6
70 0.1 15511.02734375 0.0 15533.72265625 15511.02734375 15519.732142857143 7
80 0.1 15510.14453125 0.0 15533.72265625 15510.14453125 15518.64404296875 8
90 0.1 15510.14453125 0.0 15533.72265625 15510.14453125 15517.699652777777 9
100 0.1 15510.13671875 0.0 15533.72265625 15510.13671875 15516.944140625 10
110 0.1 15510.12890625 0.0 15533.72265625 15510.12890625 15516.32528409091 11
119 0.1 15510.6171875 0.0 15533.72265625 15510.12890625 15515.808919270834 12
