0 0.1 1.609375 0 1.609375 1.609375 0 0
10 0.1 1.37109375 0.0 1.609375 1.37109375 1.609375 1
20 0.1 1.23828125 0.0 1.609375 1.23828125 1.490234375 2
30 0.1 1.12109375 0.0 1.609375 1.12109375 1.40625 3
40 0.1 1.03125 0.0 1.609375 1.03125 1.3349609375 4
50 0.1 0.87109375 0.0 1.609375 0.87109375 1.27421875 5
60 0.1 0.6796875 0.0 1.609375 0.6796875 1.20703125 6
70 0.1 0.5703125 0.0 1.609375 0.5703125 1.1316964285714286 7
80 0.1 0.48046875 0.0 1.609375 0.48046875 1.0615234375 8
90 0.1 0.41015625 0.0 1.609375 0.41015625 0.9969618055555556 9
100 0.1 0.3515625 0.0 1.609375 0.3515625 0.93828125 10
110 0.1 0.2890625 0.0 1.609375 0.2890625 0.8849431818181818 11
119 0.1 0.25 0.0 1.609375 0.25 0.8352864583333334 12
