0 44.6 578.3108939269201 348.3897153244082 1383.69384765625 139.02978515625 0 0
10 103.9 675.6217768268014 394.28383943932494 2136.39013671875 102.738037109375 578.3108939269201 446
20 51.5 573.2436670395934 336.87570034761455 2136.39013671875 102.738037109375 646.3957473498 1485
30 0 0 0 2136.39013671875 102.738037109375 627.5590866699218 2000
40 31.9 556.002361811814 460.629059633116 2136.39013671875 102.738037109375 627.5590866699218 2000
50 50.5 514.772509765625 441.4292529504524 2136.39013671875 102.738037109375 617.7157942034552 2319
60 17.6 782.1966372403226 508.1389833174097 2136.39013671875 102.738037109375 599.3070269792681 2824
70 0 0 0 2136.39013671875 102.738037109375 610.03655078125 3000
80 0 0 0 2136.39013671875 102.738037109375 610.03655078125 3000
90 0 0 0 2136.39013671875 102.738037109375 610.03655078125 3000
100 0 0 0 2136.39013671875 102.738037109375 610.03655078125 3000
110 0 0 0 2136.39013671875 102.738037109375 610.03655078125 3000
119 0 0 0 2136.39013671875 102.738037109375 610.03655078125 3000
